00000000
01100001
01101000
01100000
01011011
01010001
01100111
01110011
01100000
01100101
01100001
01100101
01011010
01011010
01011010
01010011
01001111
01001101
01011011
01101000
01101011
01101101
01101101
01110111
01111010
01100100
01100111
01011110
01010111
01011111
01101001
01011110
01100110
01011101
01100010
01100011
01100010
01100001
01101001
01101110
01010011
01011110
01101101
01100010
01110000
01110010
01011101
01110001
01001111
01101111
01100000
01100110
01011001
01101001
01011111
01010110
01101110
01011100
01110000
01100010
01100001
01001101
01101000
01011110
01100011
01100011
01011010
01101100
01010011
01101101
01100100
01100100
01011100
01100000
01011101
01101111
01100010
01100100
01100101
01010011
01100111
01011011
01011010
01100101
01100011
01001100
01010110
01110111
01101000
01011110
01011011
01100101
01100100
01100101
01011101
01110100
01101010
01101001
01110101
01100000
01100110
01011100
01011101
01101011
01100000
01101010
01011010
01110110
01100101
01100100
01110111
01100000
01011111
01011010
01100010
01101100
01011110
01100000
01101011
01010110
01111001
01010111
01100101
01011100
01110110
01001110
01001110
01011000
01010011
01100111
01011110
01100010
01111101
01101000
01011100
01010100
01100011
01011001
01010100
01100011
01011110
01011001
01101000
01100010
01110011
01100000
01101111
01011100
01100000
01100100
01010101
01011110
01100101
01011111
01011100
01100111
01011110
01010101
01100111
01101110
01101000
01101011
01100001
01100000
01011000
01101110
01011110
01010001
01100110
01010101
01010000
01011111
01110101
01011111
01011100
01100101
01011101
01101000
01100101
01011101
01101010
01110001
01100111
01100111
01100000
01011011
01101111
01100101
01100111
01100111
01110010
01100010
01110100
01101001
01100010
01100100
01010110
01011101
01100011
01100110
01100101
01100100
01011111
01100100
01100011
01100101
01011011
01101110
01101100
01011100
01100010
01101101
01101001
01011111
01011110
01011111
01100100
01011001
01001100
01100001
01110100
01100001
01011010
01101000
01011010
01100111
01101000
01010000
01110011
01101010
01011110
01100111
01001111
01011011
01111110
01101111
01100001
01101110
01011011
01100010
01101001
01010100
01110001
01101110
01110101
01101010
01101011
01011001
01011001
01010110
01010110
01011100
01110000
01011011
01011101
01101110
01011110
01011101
01101101
01101010
01100010
01011001
01011011
01100000
01111110
01010100
01001101
01110010
01110100
01011101
01011000
01011110
01010100
01110000
01101110
01100000
01101011
01011111
01100000
01011010
01010110
01100000
01101011
01001110
01100010
01110101
01101010
01101001
01011011
01101101
01101011
01011010
01101000
01101010
01101000
01010100
01100110
01101000
01011000
01100010
01100101
01011010
01100011
01100100
01101101
01011101
01101101
01100101
01010101
01011010
01101000
01010101
01011010
01101011
01100001
01101000
01100100
01101100
01101011
01011110
01100011
01011001
01101001
01101101
01100101
01101110
01101101
01101111
01110110
01010001
01010000
01011010
01100000
01101010
01101000
01100110
01101010
01011010
01011000
01111011
01011101
01100011
01011110
01100011
01110100
01100001
01100100
01100101
01100001
01101000
01110111
01100101
01011001
01011100
01110110
01011111
01011111
01100110
01011111
01100110
01100110
01010111
01100100
01100110
01010100
01010011
01100111
01100101
01110101
01101011
01110100
01011110
01101000
01101010
01011000
01011000
01101001
01011111
01101001
01110001
01011110
01011110
01010100
01101010
01101001
01101000
01011010
01101101
01010011
01101101
01100011
01011110
01011000
01100000
01011010
01011111
01100001
01100000
01011110
01101110
01111110
01011111
01100100
01101110
01100110
01100000
01101010
01101110
01100001
01101010
01100000
01100001
01100001
01011101
10000001
01111001
01101000
01011110
01011001
01001111
01011111
01011000
01100001
01100011
01101000
01011001
01101001
01100100
01100111
01100000
01100111
01110001
01100011
01101110
01101100
01100010
01100110
01110011
01101001
01101101
01100101
01011100
01001111
01101101
01100000
01110101
01100000
01100101
01100001
01011001
01101110
01011100
01010101
01011101
01110100
01101110
01100001
01001111
01010010
01100011
01101100
01111011
01011110
01011111
01010110
01010100
01101000
01011101
01010000
01011110
01100011
01100101
01100001
01011001
01101110
01101010
01100011
01011000
01011101
01101000
10000000
01011000
01100111
01100110
01011111
01011111
01100001
01100101
01101110
01100011
01100101
01110000
01100101
01100011
01101000
01110000
01100001
10000001
01111001
01101011
01101111
01100110
01100011
01100001
01100100
01001010
01100111
01101100
01100011
01100001
01100000
01010011
01100110
01110101
01101011
01101100
01101010
01100100
01101001
01011111
01101010
01100101
01101011
01001111
01110010
01011100
01100110
01110001
01011111
01100101
01110111
01011011
01100010
01110111
01101101
01010100
01011111
01011101
01101010
01110101
01010100
01011110
01101010
01100100
01011110
01110010
01011011
01101011
01011001
01001110
01100011
01110000
01101100
01011100
01101011
01111100
01011011
01100001
01011011
01101101
01100010
01101111
01001011
01011011
01110110
01100110
01101011
01111000
01010101
01101000
01110101
01010000
01110000
01100110
01011010
01100011
01011010
01100110
01100101
01011110
01011111
01100111
01100010
01110110
01101100
01110000
01100111
01011110
01101110
01111101
01011100
01101110
01101011
01101010
01100110
01101011
01100011
01111011
01101001
01101001
01010110
01110010
01010011
01110000
01101011
01011001
01011010
01100110
01101101
01100101
01101000
01100111
01101010
01011010
01011110
01100011
01011011
01101100
01100010
01011011
01001100
01011100
01101000
01100000
01100010
01101001
01010110
01101111
01100011
01011110
01011000
01010101
01100001
01110010
01100011
01011111
01100101
01100110
01100011
01101100
01101101
01011001
01101000
01011010
01100101
01011110
01110100
01010010
01011111
01100100
01101010
01100110
01100111
01101011
01011100
01010000
01101101
01100011
01100101
01100100
01100000
01010101
01101111
01110001
01010110
01011001
01101101
01011111
01011101
01011010
01011001
01110101
01011110
01111001
01100011
01101011
01110000
01100000
01100000
01101000
01010000
01100011
01101110
01100000
01011111
01101100
01101111
01100100
01100111
01101110
01010101
01100101
01101111
01101100
01011111
01010111
01100001
01100001
01010111
01010100
01011000
01101110
01011111
01100101
01011010
01110001
01100001
01100100
01011001
01101110
01010101
01001111
01100001
01100010
01100111
01011100
01011111
01010111
01101111
01100000
01110111
01110001
01101111
01011001
01100100
01011110
01101000
01101001
01100110
01100111
01011100
01100011
01010111
01101001
01101011
01111011
01101000
01100101
01101110
01101010
01110001
01100010
01101111
01101111
01010110
01011100
01011101
01011110
01100011
01100100
01000100
01010001
01101101
01100111
01111001
01010011
01110000
01110001
01100110
01110100
01101011
01101001
01011101
01100001
01011010
01011110
01101101
01100111
01110001
01100010
01010111
01110101
01100011
01011011
01100100
01101101
01101010
01100110
01101010
01100000
01010110
01101000
01100100
01011010
01100011
01011000
01101011
01011101
01110110
01100000
01001011
01101000
01001111
01101001
01011111
01101001
01011001
01110000
01100010
01100010
01100001
01100110
01111100
01100011
01100110
01101100
01011011
01010111
01101001
01101110
01100001
01101000
01100110
01011100
01100001
01100001
01100110
01101011
01011110
01110000
01011101
01100100
01100001
01100110
01010111
10000001
01101100
01101101
01100110
01110011
01101011
01110000
01110101
01010101
01100000
01100110
01110001
01011101
01110000
01010011
01011110
01100011
01011000
01010101
01101011
01101000
01110111
01010111
01011101
01011011
01101000
01101001
01010000
01110110
01011110
01100110
01100001
01100011
01100111
01110011
01010001
01101010
01101100
01010100
01010111
01111000
01100111
01001011
01101001
01011100
01101000
01100101
01110100
01101000
01101110
01110000
01100110
01110001
01011111
01101011
01110000
01100110
01100011
01011100
01100011
01100010
01011000
01010000
01110000
01100100
01010111
01111000
01100100
01010100
01010000
01101000
01011101
01011001
01101100
01011001
01011001
01011100
01100011
01100110
01011010
01010101
10010010
01011000
01101010
01100000
01011101
01010101
01100110
01011100
01100000
01011110
01100101
01100100
01011100
01011111
01011011
01100010
01011110
01100100
01100111
01111010
01011111
01101010
01100001
01010111
01100000
01101001
01011000
01011110
01110011
01100011
01101000
01100110
01101010
01110100
01101010
01100101
01010110
01101110
01110011
01100111
01110101
01100101
01101010
01100100
01011001
01100101
01011000
01100100
01011010
01001100
01010010
01010010
01100100
01101010
01101101
01010000
01011101
01110010
01101001
01100011
01100000
01100010
01101100
01100000
01100100
01011111
01111001
01011101
01100001
01100111
01100101
01100011
01110101
01101010
01101000
01110010
01110110
01101011
01100001
01011011
01101011
01011111
01011011
01010110
01101010
10000010
01100010
01100110
01101001
01101000
01101101
01100000
01010101
01100111
01110101
01101000
01100111
01011010
01011011
01011101
01101101
10000011
01011111
01101000
01100100
01100001
01011100
01100110
01011111
01100001
01100101
01100100
01100110
01101010
01100000
01100001
01101010
01101100